-1.998431761639163579e-04
-8.281530886610776496e-05
1.415385177458352987e-04
-5.212932436991628846e-04
3.459469497092025267e-04
-3.886529874779758725e-04
-2.341871985558799212e-05
-1.042248704626208577e-04
-6.293141579786696010e-05
-2.607208152559022671e-04
9.849038576709677473e-05
-4.189156477576473896e-04
2.566256082193907762e-04
-5.435206517017119373e-04
1.405853780701544846e-04
-9.654013457981409712e-05
-4.873205502337324543e-04
3.119221902247311081e-04
-4.617266962201582161e-04
-6.232312740797363608e-05
-2.284458798718194726e-05
-3.085117197269512425e-04
-1.488208971732327070e-04
9.646673137028949309e-05
-5.099956257890667912e-04
1.278903052509762668e-04
-2.333784333720592815e-04
-2.327420905039321772e-04
6.638796987582049752e-06
-3.435973436380459264e-04
1.462763048944469633e-04
-5.768591160452542308e-04
3.110430415084388268e-04
-4.788893599421128197e-04
-4.672485851157622341e-05
-8.150729174211969724e-05
-1.840854466862612863e-04
-2.486883160970207386e-04
4.982382045016532646e-05
-2.995231035004649245e-04
-8.237321715042592875e-05
-7.274892020934579082e-05
-2.985732342369120957e-04
9.375118945308463987e-05
-3.684054760694980939e-04
6.253476202870060594e-05
-1.487504291806765499e-04
-3.321614107322904438e-04
3.050814621761483336e-04
-5.916698933926875905e-04
2.969897538804421207e-04
-4.019642855112678286e-04
1.366040756188442978e-04
-2.701549101967098206e-04
-1.030450047018248265e-05
-9.515053313724312900e-05
-1.141807702032928210e-04
2.177943461673434835e-05
-2.947023836017246970e-04
2.204955073077982230e-04
-3.619664424110253728e-04
2.854706316513378047e-04
-5.968451671530222540e-04
6.519127433767604729e-04
-7.413847091814790465e-04
3.973734704569321105e-04
-1.457618762382769263e-04
-2.440401340670121861e-04
3.274865507473606824e-04
-4.415971663917396409e-04
3.038093164057641560e-04
-2.463364413450966394e-04
1.062697521080507336e-04
-1.333744032920476663e-04
6.793221948410681915e-05
-1.454232100272453716e-04
2.266334634925972044e-04
-3.255044264853590246e-04
1.737667714934637889e-04
4.542804605421095422e-05
-3.095556030010620466e-04
4.343460127929531711e-04
-4.702738312231484192e-04
3.274344197873145382e-04
-1.490043625604163665e-04
-5.182268605932499779e-05
1.845690480255041880e-04
-3.363252568855286395e-04
3.375583339989981189e-04
-2.000000433992789989e-04
-5.756424037149839441e-05
1.738521685796618149e-04
-2.098920007224233035e-04
4.613003166298959318e-05
1.749876676778232233e-04
-4.852695166271684324e-04
5.011046088735139365e-04
-3.390764186249883025e-04
-5.658892535204151399e-05
2.554266964750359593e-04
-4.213654804257878990e-04
2.531282260242404274e-04
-5.976778829319283250e-05
-3.920968288383023343e-04
5.366370971395371557e-04
-5.762681009078688722e-04
1.908056322806259142e-04
-6.259479608105683298e-05
-1.862804202503706751e-04
9.760816507738847669e-05
-2.227503521249178404e-04
-5.626156888816855614e-06
