-8.249295933756657304e-04
1.199059305180652599e-03
6.213593531248340189e-05
2.048785065351657261e-03
1.323696397270833491e-03
2.925046410779230666e-03
2.434467450109267621e-03
3.501014380527848156e-03
4.146194438125009110e-03
3.536920808987954138e-03
6.154508223542154779e-03
3.381847464172529297e-03
8.016889178048509229e-03
3.624491839118445819e-03
9.093604404107341263e-03
4.457114353821669747e-03
9.628884633522469608e-03
5.609555615532481332e-03
9.579418670834149649e-03
7.090343946693332053e-03
9.066714923960477596e-03
8.794210544313481662e-03
8.438328350627815125e-03
9.700225826639145843e-03
8.706483514514229069e-03
9.883257591577121817e-03
8.915380940810265289e-03
9.949135048278870061e-03
9.196003604159721720e-03
9.649082982018278992e-03
9.477999473646123163e-03
9.180518889903522758e-03
9.719667763540034561e-03
8.584647133153341589e-03
9.755783609194622341e-03
7.709462680167401827e-03
1.014158656057326593e-02
6.423232301320949168e-03
1.016573647745233969e-02
5.680139146813621871e-03
9.298977531848509614e-03
5.616620622513740328e-03
7.562675897858307274e-03
6.101179114316164151e-03
5.476417383831714593e-03
6.298824165072112839e-03
3.712304881870230958e-03
6.110070826549923555e-03
2.287032321591169100e-03
5.274466772036816645e-03
1.506181070566681070e-03
3.888547081563546726e-03
8.837504229037765465e-04
2.710368519130640277e-03
-1.036391358352556598e-05
1.425382355693729239e-03
-4.376983519467813797e-04
-3.166296042899534920e-04
-6.043908074715405917e-04
-1.978328212263436546e-03
-1.111434401978513530e-03
-3.134777077753123434e-03
-1.882799805253884294e-03
-4.189075911732756570e-03
-2.644956472899002032e-03
-5.120160967714730733e-03
-3.414018014495887998e-03
-5.957314742684675923e-03
-4.276703539203010121e-03
-6.344011037686420919e-03
-5.592029756349024307e-03
-6.238550143717689483e-03
-6.932465821097067576e-03
-6.253511663578547805e-03
-7.706190557354013551e-03
-6.757474848078677022e-03
-7.924157683823264756e-03
-7.346120268454684084e-03
-8.122274404577075474e-03
-7.644159210695936589e-03
-8.387071111928205702e-03
-7.774724790589036295e-03
-8.592981662579133456e-03
-7.921475604672252244e-03
-8.392308621035352717e-03
-8.368583917599124039e-03
-8.015920052938944190e-03
-8.416378458137677501e-03
-8.047515164454338912e-03
-8.028545259671532319e-03
-8.204359388235256054e-03
-7.440769913110233981e-03
-8.123749301207535897e-03
-7.158511277938803263e-03
-7.643040700191810165e-03
-6.821655960191379785e-03
-7.190477860040261036e-03
-6.074211171848265152e-03
-7.184406890166949652e-03
-4.721758934405493463e-03
-7.215073831094822969e-03
-3.629526987403176690e-03
-6.607754114706442666e-03
-2.890734936998465635e-03
-5.747996705758715366e-03
-2.177890547942016013e-03
-4.692319411022932187e-03
-1.536485964083418544e-03
-3.460212236516210967e-03
-1.117005601169169257e-03
-1.917427760450816660e-03
-8.919837582352909073e-04
