1.015345140072849983e-03
-4.044877088434273467e-04
1.117575011450202378e-04
-1.258525091276017915e-03
-6.269266354040163840e-04
-2.569255317264347929e-03
-7.053423610457890472e-04
-4.173577450225577669e-03
-1.048616572112275134e-03
-5.196469920338080486e-03
-1.786933698657020573e-03
-6.020972646434686465e-03
-2.483965930392958293e-03
-6.831976989263249464e-03
-3.179757359160931100e-03
-7.381562214783804823e-03
-3.814200855864491486e-03
-8.449757584139183653e-03
-3.343393173706439916e-03
-1.004337797709032101e-02
-3.328987980720939186e-03
-9.770977077277654896e-03
-5.577258227936390117e-03
-7.531172066631178913e-03
-8.096548383038082441e-03
-6.467556660835593885e-03
-8.476652702287965080e-03
-7.020906031222473760e-03
-7.866384284818200845e-03
-7.721620220099877779e-03
-6.989923697519734996e-03
-8.777705016155228426e-03
-5.387030560717119554e-03
-1.038182521595028274e-02
-3.146481804948261709e-03
-1.172520098857089167e-02
-2.170594483054454592e-03
-1.095681755789747192e-02
-2.669037835295640353e-03
-9.346964348614770005e-03
-3.358660542543409795e-03
-7.478552160778162775e-03
-3.997971185160564302e-03
-5.793702607100472725e-03
-3.968038436439158372e-03
-4.868018821135416604e-03
-3.024983144240970482e-03
-4.404969232995752798e-03
-2.243979997037776238e-03
-3.010710622596481523e-03
-2.437248361175659191e-03
-1.095881532125302094e-03
-2.264984277875555299e-03
-1.925208093422571467e-04
-9.398193172399564674e-04
-8.333061940096861582e-05
6.991301333075318524e-04
1.066414336273371736e-04
1.946409240686528723e-03
7.856375732810767440e-04
2.804898331642052475e-03
1.541123665839356236e-03
3.663859295533209229e-03
2.314791296922262889e-03
4.364449333782933864e-03
3.131439608199757668e-03
4.994455479668343315e-03
3.984613707121863364e-03
5.308357484252718313e-03
5.142612335865070529e-03
5.266666867408713142e-03
6.293193109584920876e-03
5.429074232302498297e-03
6.721755889927664811e-03
6.219955915121516861e-03
6.676440667708711738e-03
6.859962624626740786e-03
6.976852908261230515e-03
6.853970368929529315e-03
7.569575336847536237e-03
6.811752464405412474e-03
7.687188811662677354e-03
7.246021810951891635e-03
7.317170746768944002e-03
7.635749397898424114e-03
7.248967529838363545e-03
7.537078984841736815e-03
7.285175234068818652e-03
7.460318210472815896e-03
7.084821542158346690e-03
7.476251737298887472e-03
6.759735099510480807e-03
7.234937935134668797e-03
6.582646024337670924e-03
7.032574514214157135e-03
5.916727665012956258e-03
6.935356579846267515e-03
5.543133182694509262e-03
5.944534552635618273e-03
5.872295266787907336e-03
4.584841991554026476e-03
5.767663791969800634e-03
3.933241582530320503e-03
4.834476722756792660e-03
3.463678357203869764e-03
4.318766749781850246e-03
2.152173538706876263e-03
4.109487331163508284e-03
1.150795934784433049e-03
3.192010924848771684e-03
7.126494062358577648e-04
1.974797277664699750e-03
